     0.000      0.700
     1.000      0.758
     2.000      0.810
     3.000      0.870
     4.000      0.950
     5.000      1.030
     6.000      1.110
     7.000      1.190
     8.000      1.293
     9.000      1.380
    10.000      1.480
    11.000      1.587
    12.000      1.710
    13.000      1.833
    14.000      1.930
    15.000      2.079
    16.000      2.210
    17.000      2.350
    18.000      2.470
    19.000      2.590
    20.000      2.720
    21.000      2.870
    22.000      3.030
    23.000      3.180
    24.000      3.330
    25.000      3.438
    26.000      3.595
    27.000      3.710
    28.000      3.871
    29.000      4.030
    30.000      4.190
    31.000      4.315
    32.000      4.460
    33.000      4.610
    34.000      4.740
    35.000      4.920
    36.000      5.080
    37.000      5.262
    38.000      5.460
    39.000      5.610
    40.000      5.870
    41.000      6.080
    42.000      6.252
    43.000      6.460
    44.000      6.590
    45.000      6.770
    46.000      6.980
    47.000      7.180
    48.000      7.479
    49.000      7.734
    50.000      7.935
    51.000      8.200
    52.000      8.382
    53.000      8.659
    54.000      8.840
    55.000      9.045
    56.000      9.290
    57.000      9.520
    58.000      9.688
    59.000      9.950
    60.000     10.164
    61.000     10.382
    62.000     10.640
    63.000     10.910
    64.000     11.190
    65.000     11.400
    66.000     11.620
    67.000     11.880
    68.000     12.240
    69.000     12.510
    70.000     12.700
    71.000     12.940
    72.000     13.260
    73.000     13.477
    74.000     13.685
    75.000     13.893
    76.000     14.160
    77.000     14.407
    78.000     14.796
    79.000     15.064
    80.000     15.372
    81.000     15.710
    82.000     16.028
    83.000     16.396
    84.000     16.800
    85.000     17.123
    86.000     17.438
    87.000     17.795
    88.000     18.186
    89.000     18.630
    90.000     19.021
    91.000     19.439
    92.000     19.960
    93.000     20.649
    94.000     21.290
    95.000     21.890
    96.000     22.828
    97.000     23.966
    98.000     25.057
    99.000     27.652
   100.000     31.740
