     0.000      0.700
     1.000      0.730
     2.000      0.770
     3.000      0.827
     4.000      0.860
     5.000      0.900
     6.000      0.970
     7.000      1.010
     8.000      1.050
     9.000      1.070
    10.000      1.100
    11.000      1.150
    12.000      1.180
    13.000      1.220
    14.000      1.280
    15.000      1.340
    16.000      1.400
    17.000      1.433
    18.000      1.490
    19.000      1.520
    20.000      1.570
    21.000      1.620
    22.000      1.685
    23.000      1.758
    24.000      1.830
    25.000      1.870
    26.000      1.905
    27.000      1.970
    28.000      2.030
    29.000      2.090
    30.000      2.150
    31.000      2.200
    32.000      2.270
    33.000      2.353
    34.000      2.435
    35.000      2.507
    36.000      2.580
    37.000      2.645
    38.000      2.720
    39.000      2.820
    40.000      2.920
    41.000      2.980
    42.000      3.080
    43.000      3.180
    44.000      3.290
    45.000      3.393
    46.000      3.530
    47.000      3.617
    48.000      3.700
    49.000      3.815
    50.000      3.935
    51.000      4.137
    52.000      4.290
    53.000      4.410
    54.000      4.580
    55.000      4.718
    56.000      4.810
    57.000      4.920
    58.000      5.010
    59.000      5.090
    60.000      5.150
    61.000      5.322
    62.000      5.615
    63.000      5.720
    64.000      5.850
    65.000      6.050
    66.000      6.240
    67.000      6.410
    68.000      6.620
    69.000      6.802
    70.000      6.975
    71.000      7.107
    72.000      7.360
    73.000      7.502
    74.000      7.775
    75.000      8.098
    76.000      8.250
    77.000      8.505
    78.000      8.715
    79.000      9.032
    80.000      9.170
    81.000      9.500
    82.000      9.760
    83.000     10.008
    84.000     10.280
    85.000     10.662
    86.000     11.020
    87.000     11.388
    88.000     11.910
    89.000     12.292
    90.000     12.900
    91.000     13.512
    92.000     14.280
    93.000     14.873
    94.000     15.990
    95.000     16.762
    96.000     17.600
    97.000     19.843
    98.000     21.835
    99.000     25.377
   100.000     38.230
