     0.000      0.090
     1.000      0.090
     2.000      0.090
     3.000      0.090
     4.000      0.090
     5.000      0.090
     6.000      0.090
     7.000      0.090
     8.000      0.090
     9.000      0.090
    10.000      0.090
    11.000      0.090
    12.000      0.090
    13.000      0.090
    14.000      0.090
    15.000      0.090
    16.000      0.090
    17.000      0.090
    18.000      0.090
    19.000      0.090
    20.000      0.090
    21.000      0.090
    22.000      0.090
    23.000      0.090
    24.000      0.090
    25.000      0.090
    26.000      0.090
    27.000      0.090
    28.000      0.090
    29.000      0.090
    30.000      0.090
    31.000      0.090
    32.000      0.090
    33.000      0.132
    34.000      0.238
    35.000      0.270
    36.000      0.270
    37.000      0.270
    38.000      0.270
    39.000      0.270
    40.000      0.270
    41.000      0.270
    42.000      0.277
    43.000      0.287
    44.000      0.298
    45.000      0.300
    46.000      0.300
    47.000      0.300
    48.000      0.300
    49.000      0.310
    50.000      0.310
    51.000      0.310
    52.000      0.310
    53.000      0.311
    54.000      0.320
    55.000      0.324
    56.000      0.340
    57.000      0.340
    58.000      0.340
    59.000      0.340
    60.000      0.344
    61.000      0.350
    62.000      0.350
    63.000      0.350
    64.000      0.356
    65.000      0.360
    66.000      0.366
    67.000      0.377
    68.000      0.380
    69.000      0.395
    70.000      0.400
    71.000      0.400
    72.000      0.409
    73.000      0.410
    74.000      0.420
    75.000      0.420
    76.000      0.420
    77.000      0.430
    78.000      0.431
    79.000      0.442
    80.000      0.450
    81.000      0.452
    82.000      0.460
    83.000      0.460
    84.000      0.464
    85.000      0.474
    86.000      0.480
    87.000      0.480
    88.000      0.490
    89.000      0.511
    90.000      0.526
    91.000      0.549
    92.000      0.560
    93.000      0.582
    94.000      0.598
    95.000      0.624
    96.000      0.630
    97.000      0.639
    98.000      0.640
    99.000      0.659
   100.000      0.690
